task = test
mcc = 0.6518165924885155
tp = 728
tn = 1076
fp = 143
fn = 229
eval_loss = 0.39927673416540904
