task = test
mcc = 0.6724585790410309
tp = 746
tn = 1080
fp = 139
fn = 211
eval_loss = 0.39379626452265415
