task = test
mcc = 0.6611744914331169
tp = 749
tn = 1065
fp = 154
fn = 208
eval_loss = 0.396855967311079
