task = test
mcc = 0.6697829025664755
tp = 737
tn = 1086
fp = 133
fn = 220
eval_loss = 0.38926691529067126
